(kicad_pcb (version 20171130) (host pcbnew 6.0.0-rc1-unknown-95dcc30~66~ubuntu18.04.1)

  (general
    (thickness 1.6)
    (drawings 4)
    (tracks 1210)
    (zones 0)
    (modules 143)
    (nets 95)
  )

  (page A4)
  (layers
    (0 F.Cu signal)
    (31 B.Cu signal)
    (32 B.Adhes user)
    (33 F.Adhes user)
    (34 B.Paste user)
    (35 F.Paste user)
    (36 B.SilkS user)
    (37 F.SilkS user)
    (38 B.Mask user)
    (39 F.Mask user)
    (40 Dwgs.User user)
    (41 Cmts.User user)
    (42 Eco1.User user)
    (43 Eco2.User user)
    (44 Edge.Cuts user)
    (45 Margin user)
    (46 B.CrtYd user)
    (47 F.CrtYd user)
    (48 B.Fab user)
    (49 F.Fab user)
  )

  (setup
    (last_trace_width 0.15)
    (user_trace_width 0.6)
    (trace_clearance 0.15)
    (zone_clearance 0.508)
    (zone_45_only no)
    (trace_min 0.15)
    (via_size 0.6)
    (via_drill 0.3)
    (via_min_size 0.2)
    (via_min_drill 0.3)
    (user_via 1 0.4)
    (uvia_size 0.3)
    (uvia_drill 0.1)
    (uvias_allowed no)
    (uvia_min_size 0.2)
    (uvia_min_drill 0.1)
    (edge_width 0.05)
    (segment_width 0.2)
    (pcb_text_width 0.3)
    (pcb_text_size 1.5 1.5)
    (mod_edge_width 0.12)
    (mod_text_size 1 1)
    (mod_text_width 0.15)
    (pad_size 6.4 6.4)
    (pad_drill 3.2)
    (pad_to_mask_clearance 0.051)
    (solder_mask_min_width 0.25)
    (aux_axis_origin 0 0)
    (visible_elements FFFFFF7F)
    (pcbplotparams
      (layerselection 0x010fc_ffffffff)
      (usegerberextensions false)
      (usegerberattributes false)
      (usegerberadvancedattributes false)
      (creategerberjobfile false)
      (excludeedgelayer true)
      (linewidth 0.100000)
      (plotframeref false)
      (viasonmask false)
      (mode 1)
      (useauxorigin false)
      (hpglpennumber 1)
      (hpglpenspeed 20)
      (hpglpendiameter 15.000000)
      (psnegative false)
      (psa4output false)
      (plotreference true)
      (plotvalue true)
      (plotinvisibletext false)
      (padsonsilk false)
      (subtractmaskfromsilk false)
      (outputformat 1)
      (mirror false)
      (drillshape 1)
      (scaleselection 1)
      (outputdirectory ""))
  )

  (net 0 "")
  (net 1 GND)
  (net 2 "Net-(C1-Pad2)")
  (net 3 "Net-(C2-Pad2)")
  (net 4 /core/NRST)
  (net 5 "Net-(C4-Pad2)")
  (net 6 +3V3)
  (net 7 +3.3VA)
  (net 8 "Net-(C13-Pad2)")
  (net 9 "Net-(C20-Pad2)")
  (net 10 "Net-(C21-Pad1)")
  (net 11 "Net-(C22-Pad1)")
  (net 12 "Net-(C23-Pad2)")
  (net 13 /core/ADC_CH0)
  (net 14 "Net-(C24-Pad2)")
  (net 15 /core/ADC_CH1)
  (net 16 "Net-(C25-Pad2)")
  (net 17 "Net-(C26-Pad1)")
  (net 18 "Net-(C26-Pad2)")
  (net 19 "Net-(C27-Pad1)")
  (net 20 "Net-(C28-Pad1)")
  (net 21 "Net-(C29-Pad2)")
  (net 22 "Net-(C30-Pad2)")
  (net 23 /core/ADC_CH3)
  (net 24 "Net-(C31-Pad2)")
  (net 25 /core/ADC_CH2)
  (net 26 "Net-(C32-Pad2)")
  (net 27 "Net-(C32-Pad1)")
  (net 28 VCC)
  (net 29 VEE)
  (net 30 AREF_-10)
  (net 31 "Net-(C40-Pad1)")
  (net 32 "Net-(C42-Pad1)")
  (net 33 "Net-(C43-Pad1)")
  (net 34 "Net-(D1-Pad1)")
  (net 35 "Net-(D2-Pad1)")
  (net 36 "Net-(D3-Pad1)")
  (net 37 "Net-(D4-Pad1)")
  (net 38 "Net-(D5-Pad1)")
  (net 39 "Net-(D6-Pad1)")
  (net 40 "Net-(D7-Pad1)")
  (net 41 "Net-(D8-Pad1)")
  (net 42 "Net-(D9-Pad1)")
  (net 43 "Net-(D10-Pad1)")
  (net 44 "Net-(D11-Pad1)")
  (net 45 "Net-(D12-Pad1)")
  (net 46 "Net-(D13-Pad1)")
  (net 47 "Net-(D14-Pad1)")
  (net 48 "Net-(D15-Pad1)")
  (net 49 "Net-(D16-Pad1)")
  (net 50 "Net-(D17-Pad1)")
  (net 51 "Net-(D18-Pad1)")
  (net 52 "Net-(D19-Pad1)")
  (net 53 "Net-(D20-Pad1)")
  (net 54 "Net-(D21-Pad1)")
  (net 55 "Net-(D22-Pad1)")
  (net 56 "Net-(D23-Pad1)")
  (net 57 "Net-(D24-Pad1)")
  (net 58 "Net-(D25-Pad1)")
  (net 59 "Net-(D26-Pad1)")
  (net 60 "Net-(D27-Pad1)")
  (net 61 "Net-(D28-Pad1)")
  (net 62 "Net-(D29-Pad1)")
  (net 63 "Net-(D30-Pad1)")
  (net 64 "Net-(D31-Pad1)")
  (net 65 "Net-(D32-Pad1)")
  (net 66 "Net-(D34-Pad2)")
  (net 67 "Net-(D35-Pad1)")
  (net 68 "Net-(D35-Pad2)")
  (net 69 /core/UART_TX)
  (net 70 /core/UART_RX)
  (net 71 /core/SWCLK)
  (net 72 /core/SWDIO)
  (net 73 "Net-(J7-PadT)")
  (net 74 "Net-(L3-Pad2)")
  (net 75 /core/LEDS_SCL)
  (net 76 "Net-(R2-Pad2)")
  (net 77 /core/LEDS_SDA)
  (net 78 "Net-(R10-Pad1)")
  (net 79 "Net-(R11-Pad1)")
  (net 80 /core/ADC_CH5)
  (net 81 /core/ADC_CH4)
  (net 82 /core/ADC_CH8)
  (net 83 /core/ADC_CH7)
  (net 84 /core/ADC_CH6)
  (net 85 "Net-(SW1-Pad2)")
  (net 86 "Net-(SW2-Pad2)")
  (net 87 "Net-(SW3-Pad2)")
  (net 88 /core/LEDS_EN)
  (net 89 /core/I2S_CK)
  (net 90 /core/I2S_SD)
  (net 91 /core/I2S_WS)
  (net 92 "Net-(C44-Pad2)")
  (net 93 "Net-(C44-Pad1)")
  (net 94 "Net-(R22-Pad2)")

  (net_class Default "This is the default net class."
    (clearance 0.15)
    (trace_width 0.15)
    (via_dia 0.6)
    (via_drill 0.3)
    (uvia_dia 0.3)
    (uvia_drill 0.1)
    (add_net +3.3VA)
    (add_net +3V3)
    (add_net /core/ADC_CH0)
    (add_net /core/ADC_CH1)
    (add_net /core/ADC_CH2)
    (add_net /core/ADC_CH3)
    (add_net /core/ADC_CH4)
    (add_net /core/ADC_CH5)
    (add_net /core/ADC_CH6)
    (add_net /core/ADC_CH7)
    (add_net /core/ADC_CH8)
    (add_net /core/I2S_CK)
    (add_net /core/I2S_SD)
    (add_net /core/I2S_WS)
    (add_net /core/LEDS_EN)
    (add_net /core/LEDS_SCL)
    (add_net /core/LEDS_SDA)
    (add_net /core/NRST)
    (add_net /core/SWCLK)
    (add_net /core/SWDIO)
    (add_net /core/UART_RX)
    (add_net /core/UART_TX)
    (add_net AREF_-10)
    (add_net GND)
    (add_net "Net-(C1-Pad2)")
    (add_net "Net-(C13-Pad2)")
    (add_net "Net-(C2-Pad2)")
    (add_net "Net-(C20-Pad2)")
    (add_net "Net-(C21-Pad1)")
    (add_net "Net-(C22-Pad1)")
    (add_net "Net-(C23-Pad2)")
    (add_net "Net-(C24-Pad2)")
    (add_net "Net-(C25-Pad2)")
    (add_net "Net-(C26-Pad1)")
    (add_net "Net-(C26-Pad2)")
    (add_net "Net-(C27-Pad1)")
    (add_net "Net-(C28-Pad1)")
    (add_net "Net-(C29-Pad2)")
    (add_net "Net-(C30-Pad2)")
    (add_net "Net-(C31-Pad2)")
    (add_net "Net-(C32-Pad1)")
    (add_net "Net-(C32-Pad2)")
    (add_net "Net-(C4-Pad2)")
    (add_net "Net-(C40-Pad1)")
    (add_net "Net-(C42-Pad1)")
    (add_net "Net-(C43-Pad1)")
    (add_net "Net-(C44-Pad1)")
    (add_net "Net-(C44-Pad2)")
    (add_net "Net-(D1-Pad1)")
    (add_net "Net-(D10-Pad1)")
    (add_net "Net-(D11-Pad1)")
    (add_net "Net-(D12-Pad1)")
    (add_net "Net-(D13-Pad1)")
    (add_net "Net-(D14-Pad1)")
    (add_net "Net-(D15-Pad1)")
    (add_net "Net-(D16-Pad1)")
    (add_net "Net-(D17-Pad1)")
    (add_net "Net-(D18-Pad1)")
    (add_net "Net-(D19-Pad1)")
    (add_net "Net-(D2-Pad1)")
    (add_net "Net-(D20-Pad1)")
    (add_net "Net-(D21-Pad1)")
    (add_net "Net-(D22-Pad1)")
    (add_net "Net-(D23-Pad1)")
    (add_net "Net-(D24-Pad1)")
    (add_net "Net-(D25-Pad1)")
    (add_net "Net-(D26-Pad1)")
    (add_net "Net-(D27-Pad1)")
    (add_net "Net-(D28-Pad1)")
    (add_net "Net-(D29-Pad1)")
    (add_net "Net-(D3-Pad1)")
    (add_net "Net-(D30-Pad1)")
    (add_net "Net-(D31-Pad1)")
    (add_net "Net-(D32-Pad1)")
    (add_net "Net-(D34-Pad2)")
    (add_net "Net-(D35-Pad1)")
    (add_net "Net-(D35-Pad2)")
    (add_net "Net-(D4-Pad1)")
    (add_net "Net-(D5-Pad1)")
    (add_net "Net-(D6-Pad1)")
    (add_net "Net-(D7-Pad1)")
    (add_net "Net-(D8-Pad1)")
    (add_net "Net-(D9-Pad1)")
    (add_net "Net-(J7-PadT)")
    (add_net "Net-(L3-Pad2)")
    (add_net "Net-(R10-Pad1)")
    (add_net "Net-(R11-Pad1)")
    (add_net "Net-(R2-Pad2)")
    (add_net "Net-(R22-Pad2)")
    (add_net "Net-(SW1-Pad2)")
    (add_net "Net-(SW2-Pad2)")
    (add_net "Net-(SW3-Pad2)")
    (add_net VCC)
    (add_net VEE)
  )

  (module Capacitor_Tantalum_SMD:CP_EIA-7343-31_Kemet-D_Pad2.25x2.55mm_HandSolder (layer F.Cu) (tedit 5EBA9318) (tstamp 5FCCF3AB)
    (at 161.5225 125.984)
    (descr "Tantalum Capacitor SMD Kemet-D (7343-31 Metric), IPC_7351 nominal, (Body size from: http://www.kemet.com/Lists/ProductCatalog/Attachments/253/KEM_TC101_STD.pdf), generated with kicad-footprint-generator")
    (tags "capacitor tantalum")
    (path /5FC77CB5/5FE350AC)
    (attr smd)
    (fp_text reference C46 (at 0 -3.1) (layer F.SilkS)
      (effects (font (size 1 1) (thickness 0.15)))
    )
    (fp_text value 100n (at 0 3.1) (layer F.Fab)
      (effects (font (size 1 1) (thickness 0.15)))
    )
    (fp_text user %R (at 0 0) (layer F.Fab)
      (effects (font (size 1 1) (thickness 0.15)))
    )
    (fp_line (start 4.58 2.4) (end -4.58 2.4) (layer F.CrtYd) (width 0.05))
    (fp_line (start 4.58 -2.4) (end 4.58 2.4) (layer F.CrtYd) (width 0.05))
    (fp_line (start -4.58 -2.4) (end 4.58 -2.4) (layer F.CrtYd) (width 0.05))
    (fp_line (start -4.58 2.4) (end -4.58 -2.4) (layer F.CrtYd) (width 0.05))
    (fp_line (start -4.585 2.26) (end 3.65 2.26) (layer F.SilkS) (width 0.12))
    (fp_line (start -4.585 -2.26) (end -4.585 2.26) (layer F.SilkS) (width 0.12))
    (fp_line (start 3.65 -2.26) (end -4.585 -2.26) (layer F.SilkS) (width 0.12))
    (fp_line (start 3.65 2.15) (end 3.65 -2.15) (layer F.Fab) (width 0.1))
    (fp_line (start -3.65 2.15) (end 3.65 2.15) (layer F.Fab) (width 0.1))
    (fp_line (start -3.65 -1.15) (end -3.65 2.15) (layer F.Fab) (width 0.1))
    (fp_line (start -2.65 -2.15) (end -3.65 -1.15) (layer F.Fab) (width 0.1))
    (fp_line (start 3.65 -2.15) (end -2.65 -2.15) (layer F.Fab) (width 0.1))
    (pad 2 smd roundrect (at 3.2 0) (size 2.25 2.55) (layers F.Cu F.Paste F.Mask) (roundrect_rratio 0.111111)
      (net 1 GND))
    (pad 1 smd roundrect (at -3.2 0) (size 2.25 2.55) (layers F.Cu F.Paste F.Mask) (roundrect_rratio 0.111111)
      (net 7 +3.3VA))
    (model ${KISYS3DMOD}/Capacitor_Tantalum_SMD.3dshapes/CP_EIA-7343-31_Kemet-D.wrl
      (at (xyz 0 0 0))
      (scale (xyz 1 1 1))
      (rotate (xyz 0 0 0))
    )
  )

  (module Package_TO_SOT_SMD:SOT-23-6_Handsoldering (layer F.Cu) (tedit 5A02FF57) (tstamp 5FCCA0CD)
    (at 141.224 100.584 180)
    (descr "6-pin SOT-23 package, Handsoldering")
    (tags "SOT-23-6 Handsoldering")
    (path /5FC77CB5/5FE82595)
    (attr smd)
    (fp_text reference U7 (at 0 -2.9 180) (layer F.SilkS)
      (effects (font (size 1 1) (thickness 0.15)))
    )
    (fp_text value TPS560430 (at 0 2.9 180) (layer F.Fab)
      (effects (font (size 1 1) (thickness 0.15)))
    )
    (fp_line (start 0.9 -1.55) (end 0.9 1.55) (layer F.Fab) (width 0.1))
    (fp_line (start 0.9 1.55) (end -0.9 1.55) (layer F.Fab) (width 0.1))
    (fp_line (start -0.9 -0.9) (end -0.9 1.55) (layer F.Fab) (width 0.1))
    (fp_line (start 0.9 -1.55) (end -0.25 -1.55) (layer F.Fab) (width 0.1))
    (fp_line (start -0.9 -0.9) (end -0.25 -1.55) (layer F.Fab) (width 0.1))
    (fp_line (start -2.4 -1.8) (end 2.4 -1.8) (layer F.CrtYd) (width 0.05))
    (fp_line (start 2.4 -1.8) (end 2.4 1.8) (layer F.CrtYd) (width 0.05))
    (fp_line (start 2.4 1.8) (end -2.4 1.8) (layer F.CrtYd) (width 0.05))
    (fp_line (start -2.4 1.8) (end -2.4 -1.8) (layer F.CrtYd) (width 0.05))
    (fp_line (start 0.9 -1.61) (end -2.05 -1.61) (layer F.SilkS) (width 0.12))
    (fp_line (start -0.9 1.61) (end 0.9 1.61) (layer F.SilkS) (width 0.12))
    (fp_text user %R (at 0 0 270) (layer F.Fab)
      (effects (font (size 0.5 0.5) (thickness 0.075)))
    )
    (pad 5 smd rect (at 1.35 0 180) (size 1.56 0.65) (layers F.Cu F.Paste F.Mask)
      (net 32 "Net-(C42-Pad1)"))
    (pad 6 smd rect (at 1.35 -0.95 180) (size 1.56 0.65) (layers F.Cu F.Paste F.Mask)
      (net 92 "Net-(C44-Pad2)"))
    (pad 4 smd rect (at 1.35 0.95 180) (size 1.56 0.65) (layers F.Cu F.Paste F.Mask)
      (net 32 "Net-(C42-Pad1)"))
    (pad 3 smd rect (at -1.35 0.95 180) (size 1.56 0.65) (layers F.Cu F.Paste F.Mask)
      (net 94 "Net-(R22-Pad2)"))
    (pad 2 smd rect (at -1.35 0 180) (size 1.56 0.65) (layers F.Cu F.Paste F.Mask)
      (net 1 GND))
    (pad 1 smd rect (at -1.35 -0.95 180) (size 1.56 0.65) (layers F.Cu F.Paste F.Mask)
      (net 93 "Net-(C44-Pad1)"))
    (model ${KISYS3DMOD}/Package_TO_SOT_SMD.3dshapes/SOT-23-6.wrl
      (at (xyz 0 0 0))
      (scale (xyz 1 1 1))
      (rotate (xyz 0 0 0))
    )
  )

  (module Resistor_SMD:R_0805_2012Metric_Pad1.20x1.40mm_HandSolder (layer F.Cu) (tedit 5F68FEEE) (tstamp 5FCCA068)
    (at 141.24 108.204 180)
    (descr "Resistor SMD 0805 (2012 Metric), square (rectangular) end terminal, IPC_7351 nominal with elongated pad for handsoldering. (Body size source: IPC-SM-782 page 72, https://www.pcb-3d.com/wordpress/wp-content/uploads/ipc-sm-782a_amendment_1_and_2.pdf), generated with kicad-footprint-generator")
    (tags "resistor handsolder")
    (path /5FC77CB5/5FE8B13B)
    (attr smd)
    (fp_text reference R23 (at 0 -1.65 180) (layer F.SilkS)
      (effects (font (size 1 1) (thickness 0.15)))
    )
    (fp_text value R (at 0 1.65 180) (layer F.Fab)
      (effects (font (size 1 1) (thickness 0.15)))
    )
    (fp_text user %R (at 0 0 180) (layer F.Fab)
      (effects (font (size 0.5 0.5) (thickness 0.08)))
    )
    (fp_line (start 1.85 0.95) (end -1.85 0.95) (layer F.CrtYd) (width 0.05))
    (fp_line (start 1.85 -0.95) (end 1.85 0.95) (layer F.CrtYd) (width 0.05))
    (fp_line (start -1.85 -0.95) (end 1.85 -0.95) (layer F.CrtYd) (width 0.05))
    (fp_line (start -1.85 0.95) (end -1.85 -0.95) (layer F.CrtYd) (width 0.05))
    (fp_line (start -0.227064 0.735) (end 0.227064 0.735) (layer F.SilkS) (width 0.12))
    (fp_line (start -0.227064 -0.735) (end 0.227064 -0.735) (layer F.SilkS) (width 0.12))
    (fp_line (start 1 0.625) (end -1 0.625) (layer F.Fab) (width 0.1))
    (fp_line (start 1 -0.625) (end 1 0.625) (layer F.Fab) (width 0.1))
    (fp_line (start -1 -0.625) (end 1 -0.625) (layer F.Fab) (width 0.1))
    (fp_line (start -1 0.625) (end -1 -0.625) (layer F.Fab) (width 0.1))
    (pad 2 smd roundrect (at 1 0 180) (size 1.2 1.4) (layers F.Cu F.Paste F.Mask) (roundrect_rratio 0.208333)
      (net 1 GND))
    (pad 1 smd roundrect (at -1 0 180) (size 1.2 1.4) (layers F.Cu F.Paste F.Mask) (roundrect_rratio 0.208333)
      (net 94 "Net-(R22-Pad2)"))
    (model ${KISYS3DMOD}/Resistor_SMD.3dshapes/R_0805_2012Metric.wrl
      (at (xyz 0 0 0))
      (scale (xyz 1 1 1))
      (rotate (xyz 0 0 0))
    )
  )

  (module Resistor_SMD:R_0805_2012Metric_Pad1.20x1.40mm_HandSolder (layer F.Cu) (tedit 5F68FEEE) (tstamp 5FCE2E45)
    (at 141.224 106.172)
    (descr "Resistor SMD 0805 (2012 Metric), square (rectangular) end terminal, IPC_7351 nominal with elongated pad for handsoldering. (Body size source: IPC-SM-782 page 72, https://www.pcb-3d.com/wordpress/wp-content/uploads/ipc-sm-782a_amendment_1_and_2.pdf), generated with kicad-footprint-generator")
    (tags "resistor handsolder")
    (path /5FC77CB5/5FE8AD4C)
    (attr smd)
    (fp_text reference R22 (at 0 -1.65) (layer F.SilkS)
      (effects (font (size 1 1) (thickness 0.15)))
    )
    (fp_text value R (at 0 1.65) (layer F.Fab)
      (effects (font (size 1 1) (thickness 0.15)))
    )
    (fp_text user %R (at 0 0) (layer F.Fab)
      (effects (font (size 0.5 0.5) (thickness 0.08)))
    )
    (fp_line (start 1.85 0.95) (end -1.85 0.95) (layer F.CrtYd) (width 0.05))
    (fp_line (start 1.85 -0.95) (end 1.85 0.95) (layer F.CrtYd) (width 0.05))
    (fp_line (start -1.85 -0.95) (end 1.85 -0.95) (layer F.CrtYd) (width 0.05))
    (fp_line (start -1.85 0.95) (end -1.85 -0.95) (layer F.CrtYd) (width 0.05))
    (fp_line (start -0.227064 0.735) (end 0.227064 0.735) (layer F.SilkS) (width 0.12))
    (fp_line (start -0.227064 -0.735) (end 0.227064 -0.735) (layer F.SilkS) (width 0.12))
    (fp_line (start 1 0.625) (end -1 0.625) (layer F.Fab) (width 0.1))
    (fp_line (start 1 -0.625) (end 1 0.625) (layer F.Fab) (width 0.1))
    (fp_line (start -1 -0.625) (end 1 -0.625) (layer F.Fab) (width 0.1))
    (fp_line (start -1 0.625) (end -1 -0.625) (layer F.Fab) (width 0.1))
    (pad 2 smd roundrect (at 1 0) (size 1.2 1.4) (layers F.Cu F.Paste F.Mask) (roundrect_rratio 0.208333)
      (net 94 "Net-(R22-Pad2)"))
    (pad 1 smd roundrect (at -1 0) (size 1.2 1.4) (layers F.Cu F.Paste F.Mask) (roundrect_rratio 0.208333)
      (net 6 +3V3))
    (model ${KISYS3DMOD}/Resistor_SMD.3dshapes/R_0805_2012Metric.wrl
      (at (xyz 0 0 0))
      (scale (xyz 1 1 1))
      (rotate (xyz 0 0 0))
    )
  )

  (module Inductor_SMD:L_Sumida_CDMC6D28_7.25x6.5mm (layer F.Cu) (tedit 5D90D61A) (tstamp 5FCC9F7A)
    (at 149.042 107.188)
    (descr "SMD Power Inductor (http://products.sumida.com/products/pdf/CDMC6D28.pdf)")
    (tags "Inductor Sumida SMD CDMC6D28")
    (path /5FC77CB5/5FE842DE)
    (attr smd)
    (fp_text reference L5 (at 0 -4.2) (layer F.SilkS)
      (effects (font (size 1 1) (thickness 0.15)))
    )
    (fp_text value 33uH (at 0 4.3) (layer F.Fab)
      (effects (font (size 1 1) (thickness 0.15)))
    )
    (fp_line (start -3.5 3.5) (end -3.5 1.95) (layer F.CrtYd) (width 0.05))
    (fp_line (start 3.5 1.95) (end 3.5 3.5) (layer F.CrtYd) (width 0.05))
    (fp_line (start -3.5 1.95) (end -4.1 1.95) (layer F.CrtYd) (width 0.05))
    (fp_line (start 4.1 1.95) (end 3.5 1.95) (layer F.CrtYd) (width 0.05))
    (fp_line (start 3.5 -3.5) (end 3.5 -1.95) (layer F.CrtYd) (width 0.05))
    (fp_line (start 3.5 -1.95) (end 4.1 -1.95) (layer F.CrtYd) (width 0.05))
    (fp_line (start -3.5 -1.95) (end -3.5 -3.5) (layer F.CrtYd) (width 0.05))
    (fp_line (start -4.1 -1.95) (end -3.5 -1.95) (layer F.CrtYd) (width 0.05))
    (fp_text user %R (at 0 0) (layer F.Fab)
      (effects (font (size 1 1) (thickness 0.15)))
    )
    (fp_line (start 2.75 3.36) (end -2.75 3.36) (layer F.SilkS) (width 0.12))
    (fp_line (start -3.36 2.75) (end -3.36 1.9) (layer F.SilkS) (width 0.12))
    (fp_line (start 3.36 1.9) (end 3.36 2.75) (layer F.SilkS) (width 0.12))
    (fp_arc (start 2.75 2.75) (end 2.75 3.36) (angle -90) (layer F.SilkS) (width 0.12))
    (fp_arc (start -2.75 2.75) (end -3.36 2.75) (angle -90) (layer F.SilkS) (width 0.12))
    (fp_line (start 3.36 -2.75) (end 3.36 -1.9) (layer F.SilkS) (width 0.12))
    (fp_arc (start 2.75 -2.75) (end 3.36 -2.75) (angle -90) (layer F.SilkS) (width 0.12))
    (fp_line (start -2.75 -3.36) (end 2.75 -3.36) (layer F.SilkS) (width 0.12))
    (fp_arc (start -2.75 -2.75) (end -2.75 -3.36) (angle -90) (layer F.SilkS) (width 0.12))
    (fp_line (start -3.36 -1.9) (end -3.36 -2.75) (layer F.SilkS) (width 0.12))
    (fp_line (start -4.1 1.95) (end -4.1 -1.95) (layer F.CrtYd) (width 0.05))
    (fp_line (start 3.5 3.5) (end -3.5 3.5) (layer F.CrtYd) (width 0.05))
    (fp_line (start 4.1 -1.95) (end 4.1 1.95) (layer F.CrtYd) (width 0.05))
    (fp_line (start -3.5 -3.5) (end 3.5 -3.5) (layer F.CrtYd) (width 0.05))
    (fp_arc (start 2.75 2.75) (end 2.75 3.25) (angle -90) (layer F.Fab) (width 0.1))
    (fp_arc (start -2.75 2.75) (end -3.25 2.75) (angle -90) (layer F.Fab) (width 0.1))
    (fp_arc (start 2.75 -2.75) (end 3.25 -2.75) (angle -90) (layer F.Fab) (width 0.1))
    (fp_arc (start -2.75 -2.75) (end -2.75 -3.25) (angle -90) (layer F.Fab) (width 0.1))
    (fp_line (start -3.25 2.75) (end -3.25 -2.75) (layer F.Fab) (width 0.1))
    (fp_line (start 2.75 3.25) (end -2.75 3.25) (layer F.Fab) (width 0.1))
    (fp_line (start 3.25 -2.75) (end 3.25 2.75) (layer F.Fab) (width 0.1))
    (fp_line (start -2.75 -3.25) (end 2.75 -3.25) (layer F.Fab) (width 0.1))
    (pad 2 smd rect (at 2.85 0) (size 2 3.4) (layers F.Cu F.Paste F.Mask)
      (net 6 +3V3))
    (pad 1 smd rect (at -2.85 0) (size 2 3.4) (layers F.Cu F.Paste F.Mask)
      (net 92 "Net-(C44-Pad2)"))
    (model ${KISYS3DMOD}/Inductor_SMD.3dshapes/L_Sumida_CDMC6D28_7.25x6.5mm.wrl
      (at (xyz 0 0 0))
      (scale (xyz 1 1 1))
      (rotate (xyz 0 0 0))
    )
  )

  (module Capacitor_Tantalum_SMD:CP_EIA-7343-31_Kemet-D_Pad2.25x2.55mm_HandSolder (layer F.Cu) (tedit 5EBA9318) (tstamp 5FCCA034)
    (at 149.352 100.584 180)
    (descr "Tantalum Capacitor SMD Kemet-D (7343-31 Metric), IPC_7351 nominal, (Body size from: http://www.kemet.com/Lists/ProductCatalog/Attachments/253/KEM_TC101_STD.pdf), generated with kicad-footprint-generator")
    (tags "capacitor tantalum")
    (path /5FC77CB5/5FE92D68)
    (attr smd)
    (fp_text reference C48 (at 0 -3.1 180) (layer F.SilkS)
      (effects (font (size 1 1) (thickness 0.15)))
    )
    (fp_text value 50u (at 0 3.1 180) (layer F.Fab)
      (effects (font (size 1 1) (thickness 0.15)))
    )
    (fp_text user %R (at 0 0 180) (layer F.Fab)
      (effects (font (size 1 1) (thickness 0.15)))
    )
    (fp_line (start 4.58 2.4) (end -4.58 2.4) (layer F.CrtYd) (width 0.05))
    (fp_line (start 4.58 -2.4) (end 4.58 2.4) (layer F.CrtYd) (width 0.05))
    (fp_line (start -4.58 -2.4) (end 4.58 -2.4) (layer F.CrtYd) (width 0.05))
    (fp_line (start -4.58 2.4) (end -4.58 -2.4) (layer F.CrtYd) (width 0.05))
    (fp_line (start -4.585 2.26) (end 3.65 2.26) (layer F.SilkS) (width 0.12))
    (fp_line (start -4.585 -2.26) (end -4.585 2.26) (layer F.SilkS) (width 0.12))
    (fp_line (start 3.65 -2.26) (end -4.585 -2.26) (layer F.SilkS) (width 0.12))
    (fp_line (start 3.65 2.15) (end 3.65 -2.15) (layer F.Fab) (width 0.1))
    (fp_line (start -3.65 2.15) (end 3.65 2.15) (layer F.Fab) (width 0.1))
    (fp_line (start -3.65 -1.15) (end -3.65 2.15) (layer F.Fab) (width 0.1))
    (fp_line (start -2.65 -2.15) (end -3.65 -1.15) (layer F.Fab) (width 0.1))
    (fp_line (start 3.65 -2.15) (end -2.65 -2.15) (layer F.Fab) (width 0.1))
    (pad 2 smd roundrect (at 3.2 0 180) (size 2.25 2.55) (layers F.Cu F.Paste F.Mask) (roundrect_rratio 0.111111)
      (net 1 GND))
    (pad 1 smd roundrect (at -3.2 0 180) (size 2.25 2.55) (layers F.Cu F.Paste F.Mask) (roundrect_rratio 0.111111)
      (net 6 +3V3))
    (model ${KISYS3DMOD}/Capacitor_Tantalum_SMD.3dshapes/CP_EIA-7343-31_Kemet-D.wrl
      (at (xyz 0 0 0))
      (scale (xyz 1 1 1))
      (rotate (xyz 0 0 0))
    )
  )

  (module Capacitor_SMD:C_0805_2012Metric_Pad1.18x1.45mm_HandSolder (layer F.Cu) (tedit 5F68FEEF) (tstamp 5FCCA002)
    (at 137.668 108.7335 270)
    (descr "Capacitor SMD 0805 (2012 Metric), square (rectangular) end terminal, IPC_7351 nominal with elongated pad for handsoldering. (Body size source: IPC-SM-782 page 76, https://www.pcb-3d.com/wordpress/wp-content/uploads/ipc-sm-782a_amendment_1_and_2.pdf, https://docs.google.com/spreadsheets/d/1BsfQQcO9C6DZCsRaXUlFlo91Tg2WpOkGARC1WS5S8t0/edit?usp=sharing), generated with kicad-footprint-generator")
    (tags "capacitor handsolder")
    (path /5FC77CB5/5FE899D8)
    (attr smd)
    (fp_text reference C45 (at 0 -1.68 270) (layer F.SilkS)
      (effects (font (size 1 1) (thickness 0.15)))
    )
    (fp_text value 100n (at 0 1.68 270) (layer F.Fab)
      (effects (font (size 1 1) (thickness 0.15)))
    )
    (fp_text user %R (at 0 0 270) (layer F.Fab)
      (effects (font (size 0.5 0.5) (thickness 0.08)))
    )
    (fp_line (start 1.88 0.98) (end -1.88 0.98) (layer F.CrtYd) (width 0.05))
    (fp_line (start 1.88 -0.98) (end 1.88 0.98) (layer F.CrtYd) (width 0.05))
    (fp_line (start -1.88 -0.98) (end 1.88 -0.98) (layer F.CrtYd) (width 0.05))
    (fp_line (start -1.88 0.98) (end -1.88 -0.98) (layer F.CrtYd) (width 0.05))
    (fp_line (start -0.261252 0.735) (end 0.261252 0.735) (layer F.SilkS) (width 0.12))
    (fp_line (start -0.261252 -0.735) (end 0.261252 -0.735) (layer F.SilkS) (width 0.12))
    (fp_line (start 1 0.625) (end -1 0.625) (layer F.Fab) (width 0.1))
    (fp_line (start 1 -0.625) (end 1 0.625) (layer F.Fab) (width 0.1))
    (fp_line (start -1 -0.625) (end 1 -0.625) (layer F.Fab) (width 0.1))
    (fp_line (start -1 0.625) (end -1 -0.625) (layer F.Fab) (width 0.1))
    (pad 2 smd roundrect (at 1.0375 0 270) (size 1.175 1.45) (layers F.Cu F.Paste F.Mask) (roundrect_rratio 0.212766)
      (net 1 GND))
    (pad 1 smd roundrect (at -1.0375 0 270) (size 1.175 1.45) (layers F.Cu F.Paste F.Mask) (roundrect_rratio 0.212766)
      (net 6 +3V3))
    (model ${KISYS3DMOD}/Capacitor_SMD.3dshapes/C_0805_2012Metric.wrl
      (at (xyz 0 0 0))
      (scale (xyz 1 1 1))
      (rotate (xyz 0 0 0))
    )
  )

  (module Capacitor_SMD:C_0805_2012Metric_Pad1.18x1.45mm_HandSolder (layer F.Cu) (tedit 5F68FEEF) (tstamp 5FCCA098)
    (at 141.2455 103.632 180)
    (descr "Capacitor SMD 0805 (2012 Metric), square (rectangular) end terminal, IPC_7351 nominal with elongated pad for handsoldering. (Body size source: IPC-SM-782 page 76, https://www.pcb-3d.com/wordpress/wp-content/uploads/ipc-sm-782a_amendment_1_and_2.pdf, https://docs.google.com/spreadsheets/d/1BsfQQcO9C6DZCsRaXUlFlo91Tg2WpOkGARC1WS5S8t0/edit?usp=sharing), generated with kicad-footprint-generator")
    (tags "capacitor handsolder")
    (path /5FC77CB5/5FE8523E)
    (attr smd)
    (fp_text reference C44 (at 0 -1.68 180) (layer F.SilkS)
      (effects (font (size 1 1) (thickness 0.15)))
    )
    (fp_text value 100n (at 0 1.68 180) (layer F.Fab)
      (effects (font (size 1 1) (thickness 0.15)))
    )
    (fp_text user %R (at 0 0 180) (layer F.Fab)
      (effects (font (size 0.5 0.5) (thickness 0.08)))
    )
    (fp_line (start 1.88 0.98) (end -1.88 0.98) (layer F.CrtYd) (width 0.05))
    (fp_line (start 1.88 -0.98) (end 1.88 0.98) (layer F.CrtYd) (width 0.05))
    (fp_line (start -1.88 -0.98) (end 1.88 -0.98) (layer F.CrtYd) (width 0.05))
    (fp_line (start -1.88 0.98) (end -1.88 -0.98) (layer F.CrtYd) (width 0.05))
    (fp_line (start -0.261252 0.735) (end 0.261252 0.735) (layer F.SilkS) (width 0.12))
    (fp_line (start -0.261252 -0.735) (end 0.261252 -0.735) (layer F.SilkS) (width 0.12))
    (fp_line (start 1 0.625) (end -1 0.625) (layer F.Fab) (width 0.1))
    (fp_line (start 1 -0.625) (end 1 0.625) (layer F.Fab) (width 0.1))
    (fp_line (start -1 -0.625) (end 1 -0.625) (layer F.Fab) (width 0.1))
    (fp_line (start -1 0.625) (end -1 -0.625) (layer F.Fab) (width 0.1))
    (pad 2 smd roundrect (at 1.0375 0 180) (size 1.175 1.45) (layers F.Cu F.Paste F.Mask) (roundrect_rratio 0.212766)
      (net 92 "Net-(C44-Pad2)"))
    (pad 1 smd roundrect (at -1.0375 0 180) (size 1.175 1.45) (layers F.Cu F.Paste F.Mask) (roundrect_rratio 0.212766)
      (net 93 "Net-(C44-Pad1)"))
    (model ${KISYS3DMOD}/Capacitor_SMD.3dshapes/C_0805_2012Metric.wrl
      (at (xyz 0 0 0))
      (scale (xyz 1 1 1))
      (rotate (xyz 0 0 0))
    )
  )

  (module Capacitor_SMD:C_0805_2012Metric_Pad1.18x1.45mm_HandSolder (layer F.Cu) (tedit 5F68FEEF) (tstamp 5FCCF0A6)
    (at 156.4855 108.1825 90)
    (descr "Capacitor SMD 0805 (2012 Metric), square (rectangular) end terminal, IPC_7351 nominal with elongated pad for handsoldering. (Body size source: IPC-SM-782 page 76, https://www.pcb-3d.com/wordpress/wp-content/uploads/ipc-sm-782a_amendment_1_and_2.pdf, https://docs.google.com/spreadsheets/d/1BsfQQcO9C6DZCsRaXUlFlo91Tg2WpOkGARC1WS5S8t0/edit?usp=sharing), generated with kicad-footprint-generator")
    (tags "capacitor handsolder")
    (path /5FC6C483/5FDA951C)
    (attr smd)
    (fp_text reference C1 (at 0 -1.68 90) (layer F.SilkS)
      (effects (font (size 1 1) (thickness 0.15)))
    )
    (fp_text value 100n (at 0 1.68 90) (layer F.Fab)
      (effects (font (size 1 1) (thickness 0.15)))
    )
    (fp_line (start -1 0.625) (end -1 -0.625) (layer F.Fab) (width 0.1))
    (fp_line (start -1 -0.625) (end 1 -0.625) (layer F.Fab) (width 0.1))
    (fp_line (start 1 -0.625) (end 1 0.625) (layer F.Fab) (width 0.1))
    (fp_line (start 1 0.625) (end -1 0.625) (layer F.Fab) (width 0.1))
    (fp_line (start -0.261252 -0.735) (end 0.261252 -0.735) (layer F.SilkS) (width 0.12))
    (fp_line (start -0.261252 0.735) (end 0.261252 0.735) (layer F.SilkS) (width 0.12))
    (fp_line (start -1.88 0.98) (end -1.88 -0.98) (layer F.CrtYd) (width 0.05))
    (fp_line (start -1.88 -0.98) (end 1.88 -0.98) (layer F.CrtYd) (width 0.05))
    (fp_line (start 1.88 -0.98) (end 1.88 0.98) (layer F.CrtYd) (width 0.05))
    (fp_line (start 1.88 0.98) (end -1.88 0.98) (layer F.CrtYd) (width 0.05))
    (fp_text user %R (at 0 0 90) (layer F.Fab)
      (effects (font (size 0.5 0.5) (thickness 0.08)))
    )
    (pad 1 smd roundrect (at -1.0375 0 90) (size 1.175 1.45) (layers F.Cu F.Paste F.Mask) (roundrect_rratio 0.212766)
      (net 1 GND))
    (pad 2 smd roundrect (at 1.0375 0 90) (size 1.175 1.45) (layers F.Cu F.Paste F.Mask) (roundrect_rratio 0.212766)
      (net 2 "Net-(C1-Pad2)"))
    (model ${KISYS3DMOD}/Capacitor_SMD.3dshapes/C_0805_2012Metric.wrl
      (at (xyz 0 0 0))
      (scale (xyz 1 1 1))
      (rotate (xyz 0 0 0))
    )
  )

  (module Capacitor_SMD:C_0805_2012Metric_Pad1.18x1.45mm_HandSolder (layer F.Cu) (tedit 5F68FEEF) (tstamp 5FCCF0B7)
    (at 156.464 112.7545 270)
    (descr "Capacitor SMD 0805 (2012 Metric), square (rectangular) end terminal, IPC_7351 nominal with elongated pad for handsoldering. (Body size source: IPC-SM-782 page 76, https://www.pcb-3d.com/wordpress/wp-content/uploads/ipc-sm-782a_amendment_1_and_2.pdf, https://docs.google.com/spreadsheets/d/1BsfQQcO9C6DZCsRaXUlFlo91Tg2WpOkGARC1WS5S8t0/edit?usp=sharing), generated with kicad-footprint-generator")
    (tags "capacitor handsolder")
    (path /5FC6C483/5FDAA1C7)
    (attr smd)
    (fp_text reference C2 (at 0 -1.68 270) (layer F.SilkS)
      (effects (font (size 1 1) (thickness 0.15)))
    )
    (fp_text value 100n (at 0 1.68 270) (layer F.Fab)
      (effects (font (size 1 1) (thickness 0.15)))
    )
    (fp_text user %R (at 0 0 270) (layer F.Fab)
      (effects (font (size 0.5 0.5) (thickness 0.08)))
    )
    (fp_line (start 1.88 0.98) (end -1.88 0.98) (layer F.CrtYd) (width 0.05))
    (fp_line (start 1.88 -0.98) (end 1.88 0.98) (layer F.CrtYd) (width 0.05))
    (fp_line (start -1.88 -0.98) (end 1.88 -0.98) (layer F.CrtYd) (width 0.05))
    (fp_line (start -1.88 0.98) (end -1.88 -0.98) (layer F.CrtYd) (width 0.05))
    (fp_line (start -0.261252 0.735) (end 0.261252 0.735) (layer F.SilkS) (width 0.12))
    (fp_line (start -0.261252 -0.735) (end 0.261252 -0.735) (layer F.SilkS) (width 0.12))
    (fp_line (start 1 0.625) (end -1 0.625) (layer F.Fab) (width 0.1))
    (fp_line (start 1 -0.625) (end 1 0.625) (layer F.Fab) (width 0.1))
    (fp_line (start -1 -0.625) (end 1 -0.625) (layer F.Fab) (width 0.1))
    (fp_line (start -1 0.625) (end -1 -0.625) (layer F.Fab) (width 0.1))
    (pad 2 smd roundrect (at 1.0375 0 270) (size 1.175 1.45) (layers F.Cu F.Paste F.Mask) (roundrect_rratio 0.212766)
      (net 3 "Net-(C2-Pad2)"))
    (pad 1 smd roundrect (at -1.0375 0 270) (size 1.175 1.45) (layers F.Cu F.Paste F.Mask) (roundrect_rratio 0.212766)
      (net 1 GND))
    (model ${KISYS3DMOD}/Capacitor_SMD.3dshapes/C_0805_2012Metric.wrl
      (at (xyz 0 0 0))
      (scale (xyz 1 1 1))
      (rotate (xyz 0 0 0))
    )
  )

  (module Capacitor_SMD:C_0805_2012Metric_Pad1.18x1.45mm_HandSolder (layer F.Cu) (tedit 5F68FEEF) (tstamp 5FCCF0C8)
    (at 162.5854 112.8991 90)
    (descr "Capacitor SMD 0805 (2012 Metric), square (rectangular) end terminal, IPC_7351 nominal with elongated pad for handsoldering. (Body size source: IPC-SM-782 page 76, https://www.pcb-3d.com/wordpress/wp-content/uploads/ipc-sm-782a_amendment_1_and_2.pdf, https://docs.google.com/spreadsheets/d/1BsfQQcO9C6DZCsRaXUlFlo91Tg2WpOkGARC1WS5S8t0/edit?usp=sharing), generated with kicad-footprint-generator")
    (tags "capacitor handsolder")
    (path /5FC6C483/5FCAE6EC)
    (attr smd)
    (fp_text reference C3 (at 0 -1.68 90) (layer F.SilkS)
      (effects (font (size 1 1) (thickness 0.15)))
    )
    (fp_text value 100n (at 0 1.68 90) (layer F.Fab)
      (effects (font (size 1 1) (thickness 0.15)))
    )
    (fp_text user %R (at 0 0 90) (layer F.Fab)
      (effects (font (size 0.5 0.5) (thickness 0.08)))
    )
    (fp_line (start 1.88 0.98) (end -1.88 0.98) (layer F.CrtYd) (width 0.05))
    (fp_line (start 1.88 -0.98) (end 1.88 0.98) (layer F.CrtYd) (width 0.05))
    (fp_line (start -1.88 -0.98) (end 1.88 -0.98) (layer F.CrtYd) (width 0.05))
    (fp_line (start -1.88 0.98) (end -1.88 -0.98) (layer F.CrtYd) (width 0.05))
    (fp_line (start -0.261252 0.735) (end 0.261252 0.735) (layer F.SilkS) (width 0.12))
    (fp_line (start -0.261252 -0.735) (end 0.261252 -0.735) (layer F.SilkS) (width 0.12))
    (fp_line (start 1 0.625) (end -1 0.625) (layer F.Fab) (width 0.1))
    (fp_line (start 1 -0.625) (end 1 0.625) (layer F.Fab) (width 0.1))
    (fp_line (start -1 -0.625) (end 1 -0.625) (layer F.Fab) (width 0.1))
    (fp_line (start -1 0.625) (end -1 -0.625) (layer F.Fab) (width 0.1))
    (pad 2 smd roundrect (at 1.0375 0 90) (size 1.175 1.45) (layers F.Cu F.Paste F.Mask) (roundrect_rratio 0.212766)
      (net 4 /core/NRST))
    (pad 1 smd roundrect (at -1.0375 0 90) (size 1.175 1.45) (layers F.Cu F.Paste F.Mask) (roundrect_rratio 0.212766)
      (net 1 GND))
    (model ${KISYS3DMOD}/Capacitor_SMD.3dshapes/C_0805_2012Metric.wrl
      (at (xyz 0 0 0))
      (scale (xyz 1 1 1))
      (rotate (xyz 0 0 0))
    )
  )

  (module Capacitor_SMD:C_0805_2012Metric_Pad1.18x1.45mm_HandSolder (layer F.Cu) (tedit 5F68FEEF) (tstamp 5FCCF0D9)
    (at 170.7955 121.92)
    (descr "Capacitor SMD 0805 (2012 Metric), square (rectangular) end terminal, IPC_7351 nominal with elongated pad for handsoldering. (Body size source: IPC-SM-782 page 76, https://www.pcb-3d.com/wordpress/wp-content/uploads/ipc-sm-782a_amendment_1_and_2.pdf, https://docs.google.com/spreadsheets/d/1BsfQQcO9C6DZCsRaXUlFlo91Tg2WpOkGARC1WS5S8t0/edit?usp=sharing), generated with kicad-footprint-generator")
    (tags "capacitor handsolder")
    (path /5FC6C483/5FDE5105)
    (attr smd)
    (fp_text reference C4 (at 0 -1.68) (layer F.SilkS)
      (effects (font (size 1 1) (thickness 0.15)))
    )
    (fp_text value 2.2uF (at 0 1.68) (layer F.Fab)
      (effects (font (size 1 1) (thickness 0.15)))
    )
    (fp_text user %R (at 0 0) (layer F.Fab)
      (effects (font (size 0.5 0.5) (thickness 0.08)))
    )
    (fp_line (start 1.88 0.98) (end -1.88 0.98) (layer F.CrtYd) (width 0.05))
    (fp_line (start 1.88 -0.98) (end 1.88 0.98) (layer F.CrtYd) (width 0.05))
    (fp_line (start -1.88 -0.98) (end 1.88 -0.98) (layer F.CrtYd) (width 0.05))
    (fp_line (start -1.88 0.98) (end -1.88 -0.98) (layer F.CrtYd) (width 0.05))
    (fp_line (start -0.261252 0.735) (end 0.261252 0.735) (layer F.SilkS) (width 0.12))
    (fp_line (start -0.261252 -0.735) (end 0.261252 -0.735) (layer F.SilkS) (width 0.12))
    (fp_line (start 1 0.625) (end -1 0.625) (layer F.Fab) (width 0.1))
    (fp_line (start 1 -0.625) (end 1 0.625) (layer F.Fab) (width 0.1))
    (fp_line (start -1 -0.625) (end 1 -0.625) (layer F.Fab) (width 0.1))
    (fp_line (start -1 0.625) (end -1 -0.625) (layer F.Fab) (width 0.1))
    (pad 2 smd roundrect (at 1.0375 0) (size 1.175 1.45) (layers F.Cu F.Paste F.Mask) (roundrect_rratio 0.212766)
      (net 5 "Net-(C4-Pad2)"))
    (pad 1 smd roundrect (at -1.0375 0) (size 1.175 1.45) (layers F.Cu F.Paste F.Mask) (roundrect_rratio 0.212766)
      (net 1 GND))
    (model ${KISYS3DMOD}/Capacitor_SMD.3dshapes/C_0805_2012Metric.wrl
      (at (xyz 0 0 0))
      (scale (xyz 1 1 1))
      (rotate (xyz 0 0 0))
    )
  )

  (module Capacitor_SMD:C_0805_2012Metric_Pad1.18x1.45mm_HandSolder (layer F.Cu) (tedit 5F68FEEF) (tstamp 5FCCF0EA)
    (at 178.816 108.1825 270)
    (descr "Capacitor SMD 0805 (2012 Metric), square (rectangular) end terminal, IPC_7351 nominal with elongated pad for handsoldering. (Body size source: IPC-SM-782 page 76, https://www.pcb-3d.com/wordpress/wp-content/uploads/ipc-sm-782a_amendment_1_and_2.pdf, https://docs.google.com/spreadsheets/d/1BsfQQcO9C6DZCsRaXUlFlo91Tg2WpOkGARC1WS5S8t0/edit?usp=sharing), generated with kicad-footprint-generator")
    (tags "capacitor handsolder")
    (path /5FC6C483/5FCA8FC1)
    (attr smd)
    (fp_text reference C5 (at 0 -1.68 270) (layer F.SilkS)
      (effects (font (size 1 1) (thickness 0.15)))
    )
    (fp_text value 100n (at 0 1.68 270) (layer F.Fab)
      (effects (font (size 1 1) (thickness 0.15)))
    )
    (fp_line (start -1 0.625) (end -1 -0.625) (layer F.Fab) (width 0.1))
    (fp_line (start -1 -0.625) (end 1 -0.625) (layer F.Fab) (width 0.1))
    (fp_line (start 1 -0.625) (end 1 0.625) (layer F.Fab) (width 0.1))
    (fp_line (start 1 0.625) (end -1 0.625) (layer F.Fab) (width 0.1))
    (fp_line (start -0.261252 -0.735) (end 0.261252 -0.735) (layer F.SilkS) (width 0.12))
    (fp_line (start -0.261252 0.735) (end 0.261252 0.735) (layer F.SilkS) (width 0.12))
    (fp_line (start -1.88 0.98) (end -1.88 -0.98) (layer F.CrtYd) (width 0.05))
    (fp_line (start -1.88 -0.98) (end 1.88 -0.98) (layer F.CrtYd) (width 0.05))
    (fp_line (start 1.88 -0.98) (end 1.88 0.98) (layer F.CrtYd) (width 0.05))
    (fp_line (start 1.88 0.98) (end -1.88 0.98) (layer F.CrtYd) (width 0.05))
    (fp_text user %R (at 0 0 270) (layer F.Fab)
      (effects (font (size 0.5 0.5) (thickness 0.08)))
    )
    (pad 1 smd roundrect (at -1.0375 0 270) (size 1.175 1.45) (layers F.Cu F.Paste F.Mask) (roundrect_rratio 0.212766)
      (net 6 +3V3))
    (pad 2 smd roundrect (at 1.0375 0 270) (size 1.175 1.45) (layers F.Cu F.Paste F.Mask) (roundrect_rratio 0.212766)
      (net 1 GND))
    (model ${KISYS3DMOD}/Capacitor_SMD.3dshapes/C_0805_2012Metric.wrl
      (at (xyz 0 0 0))
      (scale (xyz 1 1 1))
      (rotate (xyz 0 0 0))
    )
  )

  (module Capacitor_SMD:C_0805_2012Metric_Pad1.18x1.45mm_HandSolder (layer F.Cu) (tedit 5F68FEEF) (tstamp 5FCCF0FB)
    (at 174.881 124.46 180)
    (descr "Capacitor SMD 0805 (2012 Metric), square (rectangular) end terminal, IPC_7351 nominal with elongated pad for handsoldering. (Body size source: IPC-SM-782 page 76, https://www.pcb-3d.com/wordpress/wp-content/uploads/ipc-sm-782a_amendment_1_and_2.pdf, https://docs.google.com/spreadsheets/d/1BsfQQcO9C6DZCsRaXUlFlo91Tg2WpOkGARC1WS5S8t0/edit?usp=sharing), generated with kicad-footprint-generator")
    (tags "capacitor handsolder")
    (path /5FC6C483/5FCA93FB)
    (attr smd)
    (fp_text reference C6 (at 0 -1.68 180) (layer F.SilkS)
      (effects (font (size 1 1) (thickness 0.15)))
    )
    (fp_text value 1u (at 0 1.68 180) (layer F.Fab)
      (effects (font (size 1 1) (thickness 0.15)))
    )
    (fp_text user %R (at 0 0 180) (layer F.Fab)
      (effects (font (size 0.5 0.5) (thickness 0.08)))
    )
    (fp_line (start 1.88 0.98) (end -1.88 0.98) (layer F.CrtYd) (width 0.05))
    (fp_line (start 1.88 -0.98) (end 1.88 0.98) (layer F.CrtYd) (width 0.05))
    (fp_line (start -1.88 -0.98) (end 1.88 -0.98) (layer F.CrtYd) (width 0.05))
    (fp_line (start -1.88 0.98) (end -1.88 -0.98) (layer F.CrtYd) (width 0.05))
    (fp_line (start -0.261252 0.735) (end 0.261252 0.735) (layer F.SilkS) (width 0.12))
    (fp_line (start -0.261252 -0.735) (end 0.261252 -0.735) (layer F.SilkS) (width 0.12))
    (fp_line (start 1 0.625) (end -1 0.625) (layer F.Fab) (width 0.1))
    (fp_line (start 1 -0.625) (end 1 0.625) (layer F.Fab) (width 0.1))
    (fp_line (start -1 -0.625) (end 1 -0.625) (layer F.Fab) (width 0.1))
    (fp_line (start -1 0.625) (end -1 -0.625) (layer F.Fab) (width 0.1))
    (pad 2 smd roundrect (at 1.0375 0 180) (size 1.175 1.45) (layers F.Cu F.Paste F.Mask) (roundrect_rratio 0.212766)
      (net 1 GND))
    (pad 1 smd roundrect (at -1.0375 0 180) (size 1.175 1.45) (layers F.Cu F.Paste F.Mask) (roundrect_rratio 0.212766)
      (net 6 +3V3))
    (model ${KISYS3DMOD}/Capacitor_SMD.3dshapes/C_0805_2012Metric.wrl
      (at (xyz 0 0 0))
      (scale (xyz 1 1 1))
      (rotate (xyz 0 0 0))
    )
  )

  (module Capacitor_SMD:C_0805_2012Metric_Pad1.18x1.45mm_HandSolder (layer F.Cu) (tedit 5F68FEEF) (tstamp 5FCCF10C)
    (at 174.881 121.92 180)
    (descr "Capacitor SMD 0805 (2012 Metric), square (rectangular) end terminal, IPC_7351 nominal with elongated pad for handsoldering. (Body size source: IPC-SM-782 page 76, https://www.pcb-3d.com/wordpress/wp-content/uploads/ipc-sm-782a_amendment_1_and_2.pdf, https://docs.google.com/spreadsheets/d/1BsfQQcO9C6DZCsRaXUlFlo91Tg2WpOkGARC1WS5S8t0/edit?usp=sharing), generated with kicad-footprint-generator")
    (tags "capacitor handsolder")
    (path /5FC6C483/5FCAA61B)
    (attr smd)
    (fp_text reference C7 (at 0 -1.68 180) (layer F.SilkS)
      (effects (font (size 1 1) (thickness 0.15)))
    )
    (fp_text value 100n (at 0 1.68 180) (layer F.Fab)
      (effects (font (size 1 1) (thickness 0.15)))
